DQA1: 1.521163912956594 RPKM
DQB1: 2.4730455803147584 RPKM
DRB1: 6.3913775387355445 RPKM
DRA: 20.899832307507882 RPKM
DPA1: 7.375340184031971 RPKM
DPB1: 11.627146602523831 RPKM
