DQA1: 0.4609620958090356 RPKM
DQB1: 1.4598957903690755 RPKM
DRB1: 2.9927863702566047 RPKM
DRA: 4.932104728820957 RPKM
DPA1: 2.0952822536774347 RPKM
DPB1: 1.0763205135637706 RPKM
