DQA1: 2.1089951555156703 RPKM
DQB1: 20.845940928781044 RPKM
DRB1: 10.309852955474655 RPKM
DRA: 39.13945609200725 RPKM
DPA1: 22.299411142549197 RPKM
DPB1: 26.98278046872939 RPKM
