DQA1: 0.9430927838404765 RPKM
DQB1: 1.513329143771469 RPKM
DRB1: 7.447172365401704 RPKM
DRA: 10.245946293575546 RPKM
DPA1: 4.572571073165946 RPKM
DPB1: 2.490615403379036 RPKM
