DQA1: 2.298713676152177 RPKM
DQB1: 4.152393256824554 RPKM
DRB1: 7.603733106652754 RPKM
DRA: 9.669943219295853 RPKM
DPA1: 8.427756837370495 RPKM
DPB1: 3.4822763388957654 RPKM
