DQA1: 5.458738301047884 RPKM
DQB1: 13.918983592574177 RPKM
DRB1: 21.734842663621027 RPKM
DRA: 28.009925614794078 RPKM
DPA1: 20.3372303158608 RPKM
DPB1: 18.47176695063052 RPKM
