DQA1: 0.7121772139390379 RPKM
DQB1: 4.276446548308521 RPKM
DRB1: 1.8675621002106835 RPKM
DRA: 11.59178319576824 RPKM
DPA1: 3.6256294527805557 RPKM
DPB1: 4.651514943215359 RPKM
