DQA1: 2.209939742309693 RPKM
DQB1: 4.468603413404093 RPKM
DRB1: 5.410778831892908 RPKM
DRA: 7.219556233186461 RPKM
DPA1: 6.9257370841614305 RPKM
DPB1: 4.954776332937624 RPKM
