DQA1: 0.8371441109933881 RPKM
DQB1: 7.556170122980701 RPKM
DRB1: 3.5394691628699073 RPKM
DRA: 16.577520420165364 RPKM
DPA1: 6.595680874493361 RPKM
DPB1: 3.6397570043190792 RPKM
