DQA1: 1.0339961200509415 RPKM
DQB1: 7.859352931503594 RPKM
DRB1: 3.2889683463357433 RPKM
DRA: 18.38215324535007 RPKM
DPA1: 7.356494134749782 RPKM
DPB1: 5.5163834172009905 RPKM
