DQA1: 3.7639965085518527 RPKM
DQB1: 2.370301065983048 RPKM
DRB1: 16.301017857286926 RPKM
DRA: 17.117916938116952 RPKM
DPA1: 13.329163111679392 RPKM
DPB1: 9.176353694593328 RPKM
