DQA1: 1.1084069812299406 RPKM
DQB1: 0.7410832284109746 RPKM
DRB1: 5.655635164189017 RPKM
DRA: 5.4736147221231635 RPKM
DPA1: 7.505486853820398 RPKM
DPB1: 3.2524377334355035 RPKM
