DQA1: 2.4649385670990496 RPKM
DQB1: 3.7639034787735737 RPKM
DRB1: 5.548272535377341 RPKM
DRA: 7.8831662580945485 RPKM
DPA1: 2.7269642637459417 RPKM
DPB1: 7.513327815519302 RPKM
