DQA1: 3.672445281801941 RPKM
DQB1: 5.5187262463454445 RPKM
DRB1: 21.291601905255327 RPKM
DRA: 20.615288707116967 RPKM
DPA1: 16.541523275071615 RPKM
DPB1: 12.382690391168921 RPKM
