DQA1: 0.6642675095601379 RPKM
DQB1: 4.523120017590805 RPKM
DRB1: 4.049770248308046 RPKM
DRA: 6.068616754006198 RPKM
DPA1: 4.417267109027853 RPKM
DPB1: 2.460250035407918 RPKM
