DQA1: 0.8098563231339687 RPKM
DQB1: 1.0934427165704292 RPKM
DRB1: 3.968792082366743 RPKM
DRA: 9.76668834136872 RPKM
DPA1: 2.7985465711700144 RPKM
DPB1: 3.29461001020684 RPKM
