DQA1: 6.798019646637736 RPKM
DQB1: 23.54935862287219 RPKM
DRB1: 13.832390259065706 RPKM
DRA: 29.886628491281815 RPKM
DPA1: 19.931621025271987 RPKM
DPB1: 10.520640896425379 RPKM
