DQA1: 2.2241487967472326 RPKM
DQB1: 7.431052334411677 RPKM
DRB1: 7.8026049511322615 RPKM
DRA: 20.61509236111395 RPKM
DPA1: 10.862753586067068 RPKM
DPB1: 4.510404206388718 RPKM
