DQA1: 3.9150997754916568 RPKM
DQB1: 3.0031491664082086 RPKM
DRB1: 14.469718710875915 RPKM
DRA: 22.313718507502568 RPKM
DPA1: 12.553280718377472 RPKM
DPB1: 8.537114255825445 RPKM
