DQA1: 4.788489665150635 RPKM
DQB1: 0.9032361391579373 RPKM
DRB1: 4.31546155375459 RPKM
DRA: 8.69369946468888 RPKM
DPA1: 2.418429123813452 RPKM
DPB1: 3.1297318072879974 RPKM
