DQA1: 2.6433268937660874 RPKM
DQB1: 9.694291505878478 RPKM
DRB1: 11.30163517524693 RPKM
DRA: 14.541561282248995 RPKM
DPA1: 7.929980681298263 RPKM
DPB1: 11.365028673680282 RPKM
