DQA1: 3.423794962629917 RPKM
DQB1: 1.5013900804516358 RPKM
DRB1: 8.329140208219789 RPKM
DRA: 34.26117439202044 RPKM
DPA1: 9.57704884651725 RPKM
DPB1: 9.596877104998654 RPKM
