DQA1: 16.974637165844623 RPKM
DQB1: 31.987043907133966 RPKM
DRB1: 31.205084086638713 RPKM
DRA: 44.70686331745085 RPKM
DPA1: 29.20032472361395 RPKM
DPB1: 24.725170516784363 RPKM
