DQA1: 1.1311403387720067 RPKM
DQB1: 3.63938480840054 RPKM
DRB1: 3.053175174832668 RPKM
DRA: 5.509707149574085 RPKM
DPA1: 4.024948404721328 RPKM
DPB1: 2.0119096934679965 RPKM
