DQA1: 0.9657032657984045 RPKM
DQB1: 0.4014205974221396 RPKM
DRB1: 2.035775886926565 RPKM
DRA: 2.801731697069445 RPKM
DPA1: 1.768017342686473 RPKM
DPB1: 2.2159857548514115 RPKM
