DQA1: 5.766004854293186 RPKM
DQB1: 8.998025064887786 RPKM
DRB1: 12.211605445204853 RPKM
DRA: 13.234888030269484 RPKM
DPA1: 9.273242951715805 RPKM
DPB1: 15.623752121853451 RPKM
