DQA1: 1.8711753264590163 RPKM
DQB1: 5.249656049672138 RPKM
DRB1: 14.088533807426826 RPKM
DRA: 20.538034330945457 RPKM
DPA1: 13.569319834527457 RPKM
DPB1: 18.2154338588846 RPKM
