DQA1: 1.382634569712333 RPKM
DQB1: 1.5210881627039043 RPKM
DRB1: 4.044711705371745 RPKM
DRA: 9.774570577303562 RPKM
DPA1: 8.930893153644256 RPKM
DPB1: 8.472284040189988 RPKM
