DQA1: 0.4702734585364307 RPKM
DQB1: 0.7770706740248778 RPKM
DRB1: 1.9426766850621946 RPKM
DRA: 3.9580718356689393 RPKM
DPA1: 2.8707953770998627 RPKM
DPB1: 2.4694048442366663 RPKM
