DQA1: 0.9890800567689148 RPKM
DQB1: 2.6651742505513374 RPKM
DRB1: 18.65621975385936 RPKM
DRA: 17.407488714151956 RPKM
DPA1: 7.484841628471502 RPKM
DPB1: 3.6032060355880318 RPKM
