DQA1: 1.5531271872244066 RPKM
DQB1: 2.888516727642299 RPKM
DRB1: 6.185193427668835 RPKM
DRA: 32.310920207032574 RPKM
DPA1: 7.610423354548994 RPKM
DPB1: 9.290985948860158 RPKM
