DQA1: 1.37394511817887 RPKM
DQB1: 0.21055016752415448 RPKM
DRB1: 2.4002719097753613 RPKM
DRA: 2.7139656655385087 RPKM
DPA1: 3.1337946651196127 RPKM
DPB1: 1.498771361578945 RPKM
