DQA1: 1.2372396835333448 RPKM
DQB1: 6.6684306847316535 RPKM
DRB1: 6.43332575674432 RPKM
DRA: 11.730865147575418 RPKM
DPA1: 6.5895226487542695 RPKM
DPB1: 8.020051703536307 RPKM
