DQA1: 1.3992557862205177 RPKM
DQB1: 5.146906251316732 RPKM
DRB1: 4.121323455851406 RPKM
DRA: 7.778578903292894 RPKM
DPA1: 3.008500896780045 RPKM
DPB1: 1.815459543198463 RPKM
