DQA1: 3.520488762848686 RPKM
DQB1: 7.519698105775771 RPKM
DRB1: 13.60587516797556 RPKM
DRA: 31.476234812734187 RPKM
DPA1: 15.721480918622518 RPKM
DPB1: 15.11466244483363 RPKM
