DQA1: 0.4567445550111363 RPKM
DQB1: 1.6428545243020174 RPKM
DRB1: 10.570064014848828 RPKM
DRA: 11.857636419336732 RPKM
DPA1: 3.559048480606257 RPKM
DPB1: 3.8140849659315044 RPKM
