DQA1: 2.15132974995681 RPKM
DQB1: 0.9600694198324498 RPKM
DRB1: 12.326052551397257 RPKM
DRA: 5.730440635874481 RPKM
DPA1: 5.3997257268582315 RPKM
DPB1: 3.495792742573649 RPKM
