DQA1: 1.2757454558106331 RPKM
DQB1: 1.5824765485114742 RPKM
DRB1: 5.53866791979016 RPKM
DRA: 12.634954994448245 RPKM
DPA1: 6.1388985878654205 RPKM
DPB1: 7.583940377403523 RPKM
