DQA1: 3.5833282445262427 RPKM
DQB1: 2.2392588306114987 RPKM
DRB1: 5.9180411951875325 RPKM
DRA: 9.8096913745254 RPKM
DPA1: 3.9596129337521355 RPKM
DPB1: 4.182466582464246 RPKM
