DQA1: 2.422430506364326 RPKM
DQB1: 1.5251544269242816 RPKM
DRB1: 11.452523242176879 RPKM
DRA: 12.654433940728117 RPKM
DPA1: 8.962137932758369 RPKM
DPB1: 4.540030400147332 RPKM
