DQA1: 18.59812538335386 RPKM
DQB1: 3.799142002300313 RPKM
DRB1: 25.975529038983538 RPKM
DRA: 46.56419540424892 RPKM
DPA1: 23.95213117553148 RPKM
DPB1: 25.57616598612592 RPKM
