DQA1: 2.4930308193108077 RPKM
DQB1: 5.315748197834457 RPKM
DRB1: 4.048782306122618 RPKM
DRA: 7.386757983143134 RPKM
DPA1: 5.856309183253013 RPKM
DPB1: 4.2012652836380315 RPKM
