DQA1: 1.3456409671754723 RPKM
DQB1: 1.2785187336584058 RPKM
DRB1: 1.7960144115677605 RPKM
DRA: 5.411043042610364 RPKM
DPA1: 1.8770364621495284 RPKM
DPB1: 1.547781190678022 RPKM
