DQA1: 4.811327549805627 RPKM
DQB1: 10.516562950394812 RPKM
DRB1: 21.407825293321505 RPKM
DRA: 32.51046126887483 RPKM
DPA1: 13.172260665140978 RPKM
DPB1: 20.37266542564406 RPKM
