DQA1: 4.399932466965619 RPKM
DQB1: 5.989025510534224 RPKM
DRB1: 4.8623771471663995 RPKM
DRA: 12.821097320778899 RPKM
DPA1: 7.233931522090476 RPKM
DPB1: 4.748616600178744 RPKM
