DQA1: 5.35679374478658 RPKM
DQB1: 3.4021325242842857 RPKM
DRB1: 13.52687891655432 RPKM
DRA: 17.852442611528787 RPKM
DPA1: 10.734999618191653 RPKM
DPB1: 6.3104134635942035 RPKM
