DQA1: 2.6470986826978113 RPKM
DQB1: 3.2964354141937093 RPKM
DRB1: 16.213578629812023 RPKM
DRA: 29.62161488872919 RPKM
DPA1: 15.368073160312878 RPKM
DPB1: 15.941441342263449 RPKM
