DQA1: 1.7849263235022015 RPKM
DQB1: 0.5950498223951999 RPKM
DRB1: 3.332279005413119 RPKM
DRA: 5.257742689978327 RPKM
DPA1: 2.2774179566216284 RPKM
DPB1: 2.299421994849857 RPKM
