DQA1: 2.8962078025654203 RPKM
DQB1: 1.983237030709667 RPKM
DRB1: 13.833078289199927 RPKM
DRA: 20.048934893968607 RPKM
DPA1: 12.756070401689538 RPKM
DPB1: 11.41996026080111 RPKM
