DQA1: 0.18794716153739024 RPKM
DQB1: 2.202389541372427 RPKM
DRB1: 11.636950144278636 RPKM
DRA: 21.408960622859926 RPKM
DPA1: 4.809422315434902 RPKM
DPB1: 2.0883017948598916 RPKM
