DQA1: 0.9687865927995861 RPKM
DQB1: 7.10070933304074 RPKM
DRB1: 3.024376197406241 RPKM
DRA: 15.883315990590745 RPKM
DPA1: 8.108170617947474 RPKM
DPB1: 6.097538803541909 RPKM
