DQA1: 4.711514155529613 RPKM
DQB1: 4.476498010004383 RPKM
DRB1: 20.210461429783102 RPKM
DRA: 22.38562938678107 RPKM
DPA1: 17.149674978886704 RPKM
DPB1: 12.929290196119341 RPKM
