DQA1: 8.654570457811996 RPKM
DQB1: 3.961382528325618 RPKM
DRB1: 15.875540587001908 RPKM
DRA: 22.180407661545743 RPKM
DPA1: 11.741067346733075 RPKM
DPB1: 13.82460741700636 RPKM
