DQA1: 5.990585196305486 RPKM
DQB1: 1.031632842594175 RPKM
DRB1: 8.146342101864349 RPKM
DRA: 9.392645925071564 RPKM
DPA1: 3.933212502624814 RPKM
DPB1: 2.4960771651272857 RPKM
