DQA1: 1.3208473220618038 RPKM
DQB1: 5.232954029949512 RPKM
DRB1: 4.5225982792776325 RPKM
DRA: 13.316159352162792 RPKM
DPA1: 6.620599308219066 RPKM
DPB1: 6.067879412260953 RPKM
