DQA1: 1.6088782985180536 RPKM
DQB1: 3.8014501615190914 RPKM
DRB1: 4.9076922720140645 RPKM
DRA: 7.192386415727231 RPKM
DPA1: 3.4213254620266955 RPKM
DPB1: 4.049808074072904 RPKM
