DQA1: 2.0326802010490304 RPKM
DQB1: 0.8276946865486381 RPKM
DRB1: 4.0832937869732815 RPKM
DRA: 1.5773885158052439 RPKM
DPA1: 1.847891091862755 RPKM
DPB1: 1.486984826164232 RPKM
