DQA1: 3.7346164182165715 RPKM
DQB1: 7.096658276896098 RPKM
DRB1: 7.652739709040941 RPKM
DRA: 31.02202103062521 RPKM
DPA1: 17.34150243947993 RPKM
DPB1: 11.363531101646789 RPKM
