DQA1: 1.074968077597095 RPKM
DQB1: 0.9675922188647434 RPKM
DRB1: 2.365225423891595 RPKM
DRA: 5.960403462526669 RPKM
DPA1: 3.31462777781135 RPKM
DPB1: 4.537114184620334 RPKM
