DQA1: 4.168819159606996 RPKM
DQB1: 13.663965072144988 RPKM
DRB1: 19.552882534219744 RPKM
DRA: 17.841859777741877 RPKM
DPA1: 12.588225242787411 RPKM
DPB1: 16.068755700450758 RPKM
