DQA1: 0.12408095100802619 RPKM
DQB1: 5.540907075892856 RPKM
DRB1: 4.079050740976443 RPKM
DRA: 7.794121959615275 RPKM
DPA1: 2.256017291055022 RPKM
DPB1: 3.5725723092165995 RPKM
