DQA1: 2.0596039235898354 RPKM
DQB1: 4.910986881572693 RPKM
DRB1: 5.607180424171121 RPKM
DRA: 5.985173795047383 RPKM
DPA1: 3.9007650067989297 RPKM
DPB1: 2.5639811014589178 RPKM
