DQA1: 0.874328646748594 RPKM
DQB1: 1.4952888970522273 RPKM
DRB1: 10.087266369003121 RPKM
DRA: 8.462637766060466 RPKM
DPA1: 6.964349394014775 RPKM
DPB1: 10.137143730418483 RPKM
