DQA1: 2.6054811681032133 RPKM
DQB1: 8.334239049197926 RPKM
DRB1: 2.9912491636972756 RPKM
DRA: 5.275295204554654 RPKM
DPA1: 3.6625871639161325 RPKM
DPB1: 3.3984536975259303 RPKM
