DQA1: 2.2260806318038617 RPKM
DQB1: 1.307985869418446 RPKM
DRB1: 6.261634481258518 RPKM
DRA: 6.624723387694402 RPKM
DPA1: 4.142095806120954 RPKM
DPB1: 5.660006691593851 RPKM
