DQA1: 1.3001767084610878 RPKM
DQB1: 6.094256622398764 RPKM
DRB1: 7.384482123537241 RPKM
DRA: 13.668798756715741 RPKM
DPA1: 6.683287682100764 RPKM
DPB1: 3.6569650844530863 RPKM
