DQA1: 3.2859738923213055 RPKM
DQB1: 1.63420613706597 RPKM
DRB1: 5.048965229442624 RPKM
DRA: 9.837637887505142 RPKM
DPA1: 5.497367938542588 RPKM
DPB1: 6.820975395443532 RPKM
