DQA1: 2.370714195522939 RPKM
DQB1: 9.876170958875026 RPKM
DRB1: 5.804416265303743 RPKM
DRA: 21.073015071315016 RPKM
DPA1: 13.446941435367098 RPKM
DPB1: 8.809788909412632 RPKM
