DQA1: 0.7433553038692766 RPKM
DQB1: 1.1248096442818298 RPKM
DRB1: 2.4850445629482287 RPKM
DRA: 5.3567807905714675 RPKM
DPA1: 3.809939267867224 RPKM
DPB1: 2.819669429598974 RPKM
